7.708
10.305
208.269
21.967
27.82
31.721
15.881
18.814
2.8
10.593
24.374
20.265
12.8
22.16
2.281
3.715
78.05
29.651
17.83
22.542
20.428
9.039
36.032
200.579
17.052
18.563
50.176
51.545
111.452
7.707
22.989
9.907
42.321
61.755
16.963
22.649
16.397
9.811
8.643
66.667
3.101
6.596
14.215
10.894
22.063
6.698
16.361
59.164
13.213
29.163
17.739
28.501
16.899
126.977
23.493
12.677
3.462
35.156
98.783
28.119
33.655
80.266
4.149
3.225
8.66
37.509
16.899
16.899
7.898
18.326
6.285
16.899
35.917
22.897
29.787
18.289
19.205
6.911
30.331
16.365
48.257
7.202
21.966
52.611
35.807
1.451
22.177
14.072
18.664
16.899
16.899
14.833
10.831
31.673
20.143
3.45
16.899
8.173
2.44
12.859
40.516
7.768
8.108
2.223
12.025
7.346
16.899
239.9
16.899
13.299
21.619
79.583
7.552
5.955
93.688
6.845
13.491
16.51
5.358
5.089
6.37
1.91
3.178
15.875
21.712
5.226
3.381
3.829
16.899
25.161
9.183
11.617
83.347
12.017
46.783
11.575
12.631
1.996
10.32
3.566
38.039
179.9
15.816
8.902
20.85
4.798
38.851
26.6
2.703
2.9
21.686
98.91
17.492
39.423
53.17
16.899
267.205
10.741
19.059
8.916
37.975
41.102
4.971
20.344
3.506
5.141
4.498
18.507
7.815
15.373
69.25
10.507
8.87
4.9
12.792
23.61
28.747
33.185
8.591
3.543
16.92
699.9
15.552
12.605
138.202
10.721
2.301
98.303
22.812
46.968
16.899
4.298
14.331
13.839
14.598
5.352
11.556
16.899
4.944
10.118
15.489
3.97
12.805
7.691
4.04
14.464
11.428
33.274
39.799
25.156
7.19
2.503
11.784
11.039
31.83
8.465
5.284
12.418
18.973
8.868
5.49
26.585
25.952
39.357
11.996
9.37
25.434
13.324
146.9
25.913
9.449
7.853
22.029
27.044
7.902
16.899
9.578
21.231
7.88
12.214
9.137
40.014
13.759
16.996
3.931
12.104
9.933
25.581
10.222
9.869
17.015
5.511
32.243
17.168
17.593
28.547
22.087
14.49
5.191
20.811
5.303
10.656
8.479
5.239
60.732
11.674
34.393
12.776
6.688
3.131
18.378
11.709
20.408
4.1
4.352
5.16
7.906
72.315
25.01
11.694
16.981
16.91
10.75
196.12
70.701
9.907
9.782
22.638
16.899
10.719
31.435
7.262
7.544
12.258
49.253
10.856
3.693
21.069
4.674
8.795
22.034
5.164
16.356
8.189
49.487
10.061
23.774
11.149
27.894
52.108
40.124
21.108
11.778
16.326
91.899
16.899
7.794
17.453
47.648
134.885
6.726
4.559
30.618
84.961
7.207
136.248
12.306
10.767
2.345
23.971
3.672
8.944
3.334
10.636
87.573
48.298
10.211
16.755
34.616
129.4
13.234
17.4
15.566
5.143
2.723
1.65
31.674
9.69
14.054
11.343
2.129
8.321
6.322
28.688
14.955
19.547
6.116
134.9
16.899
9.92
7.55
6.943
193.152
5.923
20.181
4.261
7.983
6.409
12.746
11.11
22.065
3.64
5.725
20.903
10.107
12.922
16.899
5.08
5.748
8.861
5.738
23.304
46.921
35.079
4.878
11.117
30.559
4.189
10.225
4.4
8.316
14.761
18.883
18.157
2.065
5.641
8.362
4.497
5.991
7.16
33.096
25.004
40.805
109.136
23.773
15.826
13.291
7.262
142.8
4.927
4.496
11.784
42.512
97.427
13.942
40.729
13.625
10.67
15.074
34.778
11.624
6.182
5.627
15.508
58.731
20.796
136.4
42.011
18.168
2.267
11.021
12.443
3.973
8.379
25.634
49.513
16.39
12.228
16.899
2.938
10.664
8.894
23.883
1.377
10.223
6.542
15.079
11.565
33.103
8.883
18.78
72.546
14.804
16.899
14.687
10.744
15.77
16.899
11.05
14.277
10.696
99.9
16.377
27.049
3.441
28.333
8.811
58.889
17.299
3.888
12.749
68.001
83.032
4.969
11.126
8.039
48.004
17.488
83.567
58.803
21.193
194.43
27.94
6.701
4.063
5.923
17.319
11.072
16.027
177.905
11.193
9.629
12.482
7.171
8.589
2.038
8.834
13.945
18.008
12.45
14.546
29.222
6.96
2.146
3.816
11.521
2.786
16.606
8.015
7.031
6.703
14.138
10.46
29.611
13.957
31.974
18.943
45.828
6.321
6.592
22.066
19.389
18.884
358.076
3.649
8.273
15.702
11.977
18.455
26.062
6.965
15.65
42.606
21.635
26.087
127.999
13.858
11.148
8.962
17.637
21.192
10.536
17.85
16.899
8.43
7.628
22.054
7.558
15.104
14.437
10.721
4.215
15.073
11.472
2.522
32.078
21.023
18.941
3.038
6.826
5.383
27.067
11.304
16.966
16.899
6.398
7.201
8.581
16.899
7.867
13.424
14.512
8.78
4.011
24.042
11.937
8.487
4.067
114.206
143.665
6.464
6.473
7.57
7.875
4.648
9.119
9.091
15.252
52.63
7.988
8.138
61.243
27.267
13.804
40.077
4.251
3.239
8.998
14.009
2.94
14.498
12.061
8.131
9.732
16.899
34.281
19.508
12.468
86.8
3.688
16.899
10.121
10.196
13.461
5.963
16.899
16.899
15.508
26.261
147.9
4.077
14.372
20.263
8.358
47.69
11.243
13.471
9.384
6.758
20.709
248.273
22.462
23.369
6.055
152.01
13.778
23.317
16.899
7.526
11.838
7.295
12.738
210.9
20.722
5.798
6.451
91.941
38.021
9.845
46.266
10.103
8.443
15.653
56.04
16.899
15.08
7.218
13.751
1.507
10.079
8.926
6.459
253.877
121.4
4.246
12.958
11.92
75.911
126.82
112.728
14.402
51.152
22.251
9.538
9.846
51.767
4.319
26.974
3.02
304.375
9.306
462.24
9.4
8.279
16.671
4.143
13.986
43.04
15.662
234.9
6.321
12.107
26.946
8.448
3.812
1.343
10.014
193.675
58.284
16.899
16.899
15.671
7.002
4.42
7.396
22.785
11.782
23.817
6.457
40.967
16.899
4.614
7.64
25.459
3.444
27.876
5.593
28.832
5.03
77.366
11.566
28.562
10.803
2.004
20.227
31.934
208.9
18.106
19.333
17.195
8.273
7.973
27.632
6.546
13.399
34.245
10.164
10.276
16.899
9.383
26.497
22.031
14.481
7.541
2.801
24.242
3.327
34.315
23.734
7.194
7.551
68.081
22.081
8.498
16.899
37.936
39.522
12.598
14.447
8.69
82.741
16.899
167.25
9.04
14.539
6.897
15.191
5.137
6.021
8.97
44.41
19.416
15.777
72.449
66.6
9.729
10.756
33.426
35.97
17.091
18.297
16.899
5.979
19.902
22.379
11.952
6.702
10.097
24.716
12.615
16.526
9.519
26.13
8.287
20.059
10.405
16.899
11.935
12.906
3.807
14.717
27.159
28.166
3.398
37.016
8.73
23.193
18.65
44.619
7.348
106.746
4.088
16.899
11.742
4.944
16.641
20.485
18.09
184.704
7.636
9.556
2.777
10.947
23.565
16.899
3.12
76.698
2.763
7.358
10.803
24.088
7.565
19.483
4.891
65.183
11.756
3.919
14.628
5.595
26.625
5.487
7.909
20.312
13.732
1.688
7.935
31.245
21.528
38.177
1.65
13.874
25.445
14.267
44.615
8.309
12.306
18.254
8.53
10.35
16.899
16.899
14.234
1.827
48.11
23.714
34.543
24.665
5.9
2.902
36.125
2.355
47.543
16.045
4.547
16.835
7.364
4.57
39.659
8.352
9.644
15.978
6.702
42.502
65.956
8.677
9.082
6.35
6.872
30.71
10.873
40.487
42.484
5
9.776
110.9
5.88
16.529
12.853
11.901
21.847
2.46
2.369
10.127
11.298
24.904
69.107
5.628
15.461
28.547
3.919
155.57
9.445
17.9
1.877
11.863
16.899
12.59
41.907
19.506
4.489
1.282
10.949
16.899
12.295
32.168
149.9
14.83
27.473
53.498
7.209
6.402
17.189
7.5
23.476
12.64
5.088
13.2
16.899
10.177
16.899
24.373
8.804
8.723
16.247
5.047
10.849
5.782
40.997
121.947
23.952
1.636
19.445
25.441
34.818
22.074
17.741
9.91
4.243
8.251
76.048
14.6
4.062
3.921
4.972
19.043
36.544
10.868
26.505
7.376
5.884
16.899
29.566
16.899
8.16
11.813
5.972
59.19
17.602
87.9
9.851
124.9
10.546
21.21
6.915
27.154
38.607
28.743
11.598
28.014
80.776
14.181
8.704
4.554
37.074
30
9.9
38.034
9.653
17.026
14.648
89.9
10.145
14.604
9.87
18.529
26.852
12.543
90.235
22.59
97.4
15.309
3.188
18.757
7.105
12.563
22.642
13.802
78.24
9.523
23.983
21.452
22.239
35.28
15.493
6.727
16.899
35.056
39.323
43.024
13.27
7.767
30.061
32.494
13.632
9.052
6.737
28.448
24.774
7.899
9.725
12.591
27.883
5.08
19.881
18.072
12.941
7.222
6.825
19.214
16.899
20.854
7.665
13.313
44.392
1.501
16.805
28.456
4.002
8.603
12.642
10.049
22.327
11.32
10.249
30.826
12.222
9.91
8.567
40.368
4.659
40.72
3.288
6.457
25.825
4.487
13.88
19.396
17.913
43.393
14.863
20.275
4.703
20.381
5.986
32.014
17.845
8.258
9.263
2.974
6.025
5.126
14.02
16.611
12.87
25.796
9.639
36.808
43.228
25.302
14.012
39.337
3.852
7.881
19.254
7.198
2.34
6.988
4.178
17.635
9.465
18.652
20.977
16.899
20.368
123.015
22.616
45.751
4.997
8.655
90.513
6.814
149.9
24.549
27.581
1.849
7.565
12.378
6.601
8.69
21.041
6.965
1.564
16.369
35.976
7.851
10.089
2.783
16.899
39.739
8.002
6.059
17.2
6.409
15.267
22.834
6.754
10.604
8.524
8.243
21.263
11.41
32.054
11.454
16.685
286.499
8.222
44.436
7.138
26.903
10.269
30.152
10.422
14.9
112.463
70.337
11.708
14.174
30.992
9.688
46.145
4.617
10.569
24.68
12.21
15.805
13.088
110.806
41.482
6.727
16.899
46.9
16.899
11.072
108.726
12.453
25.413
12.422
23.785
8.88
41.344
12.569
8.529
30.234
11.73
4.21
9.2
1.3
2.306
12.223
10.777
5.736
14.754
3.057
20.063
18.446
22.389
11.902
57.096
26.898
9.643
4.42
6.108
56.099
9.866
9.088
9.901
3.775
8.486
7.597
1.582
6.448
5.414
63.394
28.132
13.575
17.01
15.903
9.402
9.925
14.83
8.751
23.054
7.283
6.697
7.268
126.23
8.222
53.559
17.168
19.414
7.345
19.019
109.9
6.606
49.019
3.372
10.023
12.965
30.561
16.899
92.184
9.054
13.14
22.042
22.115
22.373
33.246
11.374
10.966
11.034
53.017
14.405
41.193
14.93
8.481
7.721
32.121
26.653
7.343
66.18
11.02
34.89
91.583
20.277
15.791
65.883
98.283
156.9
9.935
46.954
101.9
8.745
32.894
32.088
11.326
9.035
5.418
8.427
6.247
9.846
9.809
6.403
30.106
21.056
21.416
16.899
21.612
16.899
23.658
89.4
4.281
16.899
31.244
25.775
38.201
16.299
4.607
5.155
9.305
6.352
23.35
18.354
6.5
8.801
16.899
42.72
9.643
17.4
3.191
14.898
20.926
19.138
5.897
20.631
32.01
27.196
3.191
10.231
34.517
37.611
7.498
14.93
14.018
10.057
7.679
2.205
24.535
16.899
12.465
10.818
1.35
17.346
26.34
1.725
7.601
9.619
38.371
8.275
1.749
11.906
10.747
5.912
33.689
14.329
8.458
3.964
45.088
20.6
7.704
12.616
53.499
48.422
8.864
7.916
12.114
16.899
5.105
6.136
15.888
12.595
27.423
7.946
176.205
16.496
7.621
11.579
22.501
6.694
17.922
12.319
4.77
4.554
4.951
10.313
10.007
133.9
177.605
3.925
14.128
7.784
118.69
28.808
17.864
4.394
8.796
13.323
14.451
9.35
21.51
9.663
8.652
16.899
19.695
20.902
9.855
10.926
16.555
9.942
28.893
33.025
49.553
22.699
40.585
16.337
16.58
11.3
38.915
5.098
16.413
17.054
103.959
6.315
6.699
139.9
4.825
16.838
15.959
9.77
103.4
65.851
13.221
36.553
7.692
6.295
19.761
16.899
18.114
19.111
13.243
10.987
13.428
14.436
8.878
12.317
10.057
25.743
71.185
18.07
7.821
6.121
8.611
51.912
150.9
6.637
25.659
10.438
18.161
18.127
102.767
23.605
32.525
31.441
10.156
100.695
13.521
6.73
11.208
16.899
23.239
34.247
17.344
17.058
27.718
5.871
7.37
6.195
9.187
30.013
9.691
10.78
10.902
32.325
16.59
151.9
164.9
6.923
32.168
23.127
18.29
15.629
11.884
16.899
34.657
6.983
22.318
9.659
16.899
28.391
6.905
7.277
16.899
110.101
35.324
10.697
16.774
14.012
15.304
3.493
25.026
7.339
7.96
38.301
16.62
15.472
14.328
42.65
8.984
16.899
321.9
11.868
147.998
2.317
205.419
15.836
43.197
19.686
25.483
5.101
49.312
18.237
15.471
118.9
7.063
15.656
42.047
20.37
16.241
19.021
6.038
11.352
15.024
30.381
20.648
13.929
16.899
44.877
14.941
7.916
27.455
5.536
21.407
18.031
33.035
36.151
11.481
12.083
31.141
1.986
4.412
7.498
13.001
9.881
9.167
18.855
23.814
18.488
28.676
9.896
16.899
13.764
6.045
11.522
112.008
12.382
14.802
27.327
16.865
18.523
19.864
46.9
16.899
5.454
98.56
17.411
13.346
3.59
8.992
75.098
18.006
4.726
12.504
6.619
2.535
16.899
21.914
8.336
44.053
13.258
25.882
16.793
5.457
9.167
16.899
8.56
3.258
2.739
27.948
16.899
15.327
16.899
4.215
15.481
12.586
8.544
24.05
98.4
12.84
6.002
19.562
7.935
71.25
79.9
10.228
12.925
142.9
9.893
16.899
7.383
4.722
16.927
18.545
3.348
8.912
48.983
24.519
9.245
3.333
3.886
16.677
8.776
11.77
18.712
11.717
14.983
10.959
21.229
11.903
6.412
5.656
2.795
14.911
19.257
18.953
6.486
11.289
42.339
8.437
22.45
2.337
16.899
9.928
16.214
15.04
15.137
16.899
15.176
36.032
36.856
50.139
3.212
22.819
21.575
12.655
10.083
3.113
16.539
1.694
8.802
7.918
16.899
23.675
10.239
13.918
16.533
14.884
12.256
12.5
7.979
10.138
9.095
8.623
11.612
1.4
122.935
4.857
17.408
8.572
16.899
7.599
7.966
8.011
134.746
52.091
29.841
30.006
5.978
70.414
20.796
9.097
9.266
73.179
48.681
28.692
17.989
12.336
14.876
16.899
19.458
6.072
10.591
10.731
18.702
7.049
7.123
11.727
16.899
4.513
11.634
3.151
14.894
7.686
13.817
19.222
5.003
20.756
9.855
20.91
57.618
38.555
17.898
81.9
9.883
5.944
9.704
28.815
21.988
16.899
16.038
18.074
31.778
25.382
4.9
8.576
6.8
14.771
7.161
9.301
61.139
1.801
5.948
10.547
36.108
11.378
2.209
17.956
15.595
3.596
5.364
6.551
6.331
20.092
41.535
21.816
12.221
33.27
4.657
10.256
8.062
16.899
8.645
19.795
12.625
8.197
17.336
8.274
11.969
12.294
6.781
4.374
27.878
95.52
14.69
16.004
22.412
13.979
12.544
6.495
4.2
15.152
1.519
3.329
15.777
10.387
1.9
14.894
5.7
30.084
12.698
24.908
11.282
23.233
5.056
8.962
6.493
24.111
17.586
13.839
22.367
2.455
37.298
11.417
13.426
16.899
12.989
12.082
2.553
37.142
4.188
4.633
10.963
15.79
2.682
7.109
31.042
2.857
2.981
7.225
11.63
102.9
9.337
42.124
28.363
139.106
16.899
11.918
3.784
10.738
14.359
14.13
10.008
8.396
4.011
23.081
5.884
17.959
27.566
10.121
24.149
22.435
69.099
71.395
10.485
7.499
120.44
30.559
16.899
7.065
2.165
61.681
8.735
9.586
4.943
24.016
31.672
6.888
8.729
8.814
15.195
27.229
3.015
20.831
9.577
3.741
27.019
68.802
7.378
17.261
12.345
15.857
33.732
42.848
13.839
16.187
53.407
29.213
15.075
4.48
13.966
11.912
5.339
179.9
16.899
6.654
5.074
3.45
5.042
5.28
23.821
10.098
8.699
22.339
16.899
27.616
20.286
53.989
10.74
13.045
27.016
11.254
102.328
28.674
7.749
7.883
5.602
7.289
2.862
3.838
19.438
72.596
8.266
16.571
3.852
60.221
8.644
10.664
42.416
42.534
34.712
2.449
50.522
24.104
27.03
34.759
41.55
5.301
31.137
23.247
19.966
4.662
5.201
7.417
31.995
80.567
3.533
17.242
4.157
6.869
42.885
20.141
20.979
26.371
5.985
18.891
82.287
100.189
7.798
17.294
16.899
10.087
7.117
34.1
7.402
33.498
4.052
8.804
16.899
6.67
26.917
22.917
17.387
11.634
5.941
2.007
110.382
49.458
10.829
11.031
6.338
110.1
25.515
53.673
35.47
79.023
17.863
5.61
9.263
13.52
7.165
24.315
15.653
3.43
6.588
25.684
13.632
10.373
4.054
9.34
10.538
30.874
7.059
49.9
16.899
134.73
7.035
28.59
9.392
16.089
43.828
17.254
6.243
17.415
41.649
75.185
7.447
14.596
68.863
8.516
26.158
13.362
2.043
11.655
16.903
35.573
135.823
134.815
86.147
8.24
3.699
70.771
4.082
14.475
14.945
5.214
67.262
5.796
20.217
10.416
31.198
8.658
7.443
21.276
14.792
2.165
17.535
32.993
6.395
12.231
18.66
12.361
21.014
4.448
1.79
30.989
9.385
18.577
4.461
3.414
16.482
17.066
10.096
16.899
14.063
35.502
14.228
56.133
17.512
9.878
8.216
16.899
10.726
4.252
4.342
10.859
16.899
12.846
6.754
24.873
13.352
23.557
125.57
5.03
16.899
24.259
12.369
18.759
11.149
75.947
7.741
16.899
20.071
11.939
13.647
7.876
8.952
24.163
10.937
5.203
24.662
37.953
31.797
15.9
24.728
13.141
19.892
17.771
88.145
10.1
18.18
33.877
9.557
5.27
47.462
35.084
41.415
5.188
20.35
30.066
30.598
97.062
12.729
8.023
8.146
1.654
22.996
21.086
203.898
58.507
29.465
13.051
25.869
131.6
5.049
19.258
13.5
18.239
20.674
14.428
29.833
32.282
4.913
28.447
9.291
112.219
16.899
23.55
6.131
19.252
17.056
7.795
11.247
3.4
17.52
22.514
3.128
16.899
7.328
2.975
7.257
6.664
21.473
11.138
8.118
5.714
5.957
10.239
49.411
37.672
4.665
7.371
8.232
7.652
39.44
7.439
10.119
16.899
2.969
15.774
37.075
23.247
14.49
9.426
2.467
10.093
20.36
6.824
14.16
10.801
17.105
10.748
12.039
11.455
9.329
11.143
7.413
64.32
99.486
120.73
5.654
16.099
45.075
10.416
31.639
28.076
18.243
19.007
42.233
11.766
35.98
9.285
14.507
18.547
15.9
14.253
4.6
12.097
23.934
52.407
2.238
6.992
6.587
32.512
29.226
14.776
74.9
18.362
13.635
43.694
16.899
33.168
11.2
16.899
9.402
17.347
16.899
8.009
19.769
4.076
5.866
11.554
45.029
16.899
3.773
16.899
37.328
21.096
5.817
15.899
3.22
11.146
44.559
9.768
85.9
7.314
16.53
33.985
10.678
18.919
17.732
21.391
6.713
13.645
16.899
15.448
12.632
61.564
76.066
158.24
12.146
10.787
7.049
6.124
31.746
5.038
2.873
25.428
14.367
20.586
114.9
21.863
61.92
57.205
4.091
22.628
36.813
24.183
21.773
13.484
41.065
11.751
7.626
12.043
16.487
7.871
13.709
16.509
26.265
52.609
142.05
67.598
9.243
28.763
14.862
23.102
3.146
22.252
27.355
16.899
5.239
31.327
3.995
25.994
5.897
5.667
8.664
14.622
16.535
32.893
16.886
8.743
5.305
39.85
16.899
16.899
18.017
5.958
68.137
22.284
14.87
18.388
102.9
26.18
89.142
15.4
10.614
16.915
14.509
21.26
10.11
11.821
4.824
13.633
4.828
21.321
39.999
16.899
54.135
60.9
31.432
13.81
40.679
18.089
8.468
95.552
9.541
6.546
18.48
7.507
41.496
18.013
16.799
9.687
6.661
17.59
12.912
4.265
16.899
37.078
36.001
6.435
13.345
15.468
1.432
44.072
8.28
21.789
12.936
2.617
6.988
9.639
16.899
16.899
16.899
16.899
11.981
14.155
14.992
13.732
13.18
24.128
15.66
3.994
27.574
54.37
61.965
20.267
69.098
9.567
31.565
7.952
16.387
115.32
15.271
5.397
36.84
16.017
16.899
16.899
16.899
16.922
13.065
4.6
32.673
4.142
28.547
37.638
15.654
7.211
5.993
30.49
10.641
35.472
13.374
38.115
19.345
31.226
184.4
16.899
32.795
1.837
27.536
7.732
38.224
5.545
89.209
37.506
10.196
4.725
33.923
11.718
18.888
23.889
55.123
21.248
25.68
12.239
18.914
16.899
123.179
29.625
14.258
13.831
14.128
77.397
21.995
39.39
28.944
5.733
22.584
10.245
130.32
16.59
16.899
16.899
16.149
16.899
26.622
9.929
5.148
6.181
69.89
34.602
16.899
10.672
28.821
11.914
19.588
45.243
13.62
22.29
13.169
34.665
10.035
21.952
4.827
19.385
16.543
9.113
17.881
11.666
69.473
9.492
7.436
14.122
16.899
6.365
76.884
23.415
13.198
12.909
23.828
13.17
3.171
10.843
20.019
45.58
8.91
13.072
41.465
35.408
194.397
9.509
5.476
3.483
17.899
50.266
23.469
69.917
31.796
23.628
55.244
20.457
109.458
4.57
15.193
19.996
9.874
80.063
15.37
23.219
8.269
9.239
15.756
4.269
124.4
90.619
19.246
21.785
12.397
16.899
20.764
9.062
138.137
45.5
16.899
23.731
36.216
22.385
11.873
33.505
13.278
46.627
9.749
22.544
16.899
25.269
9.218
9.283
25.123
20.481
118.253
2.792
26.835
98.666
9.597
15.212
52.418
36.457
53.219
17
37.271
4.978
59.991
8.208
115.9
20.068
16.416
12.344
9.641
118.4
23.912
14.703
19.873
93.591
14.431
7.628
24.706
18.203
21.247
31.679
11.574
9.678
7.464
16.728
8.419
16.899
18.86
12.37
12.497
57.544
122.828
19.9
11.615
10.565
55.026
70.856
13.279
136.653
30.935
9.599
19.791
30.062
5.063
7.28
29.134
34.375
25.435
46.376
20.328
3.982
4.765
7.982
11.594
70.635
18.559
25.943
34.286
114.3
9.145
40.649
14.997
20.345
27.461
11.643
31.574
10.085
86.9
17.982
25.946
7.681
4.372
6.344
3.949
13.156
1.9
5.95
3.72
29.224
7.34
16.76
12.713
50.406
16.899
2.778
59.054
13.212
21.991
13.12
37.734
51.655
16.899
16.899
6.252
8.469
26.511
8.334
6.811
6.729
16.899
22.222
8.709
29.1
18.012
60.131
16.202
14.48
72
11.255
16.285
30.821
5.132
16.899
5.498
14.727
10.993
17.573
21.357
43.676
50.528
15.002
16.899
8.485
18.838
2.56
26.93
14.319
16.607
107.483
20.729
16.817
58.37
16.588
61.82
18.583
6.6
14.318
32.518
20.672
12.066
36.452
54.674
111.45
17.492
25.778
16.899
16.899
16.899
29.031
34.923
12.941
30.665
23.052
40.635
10.747
7.794
6.002
129.055
12.164
5.174
15.51
15.07
7.475
46.74
11.944
16.899
14.917
20.304
14.007
20.44
7.407
2.825
11.959
30.136
28.187
8.456
2.421
9.745
3.268
19.92
16.899
67.32
55.17
26.882
34.952
17.089
21.092
5.216
73.388
6.99
95.74
14.456
90.76
46.093
66.333
17.71
54.821
16.899
33.256
3.856
134.596
48.42
4.35
90.4
29.895
16.63
9.667
5.16
11.439
26.533
6.54
10.184
42.941
8.162
4.27
46.398
22.864
8.786
14.974
112.088
26.754
9.364
33.485
12.269
22.963
20.627
24.3
28.905
29.51
13.071
38.37
13.066
82.159
32.021
191.9
12.121
22.993
20.524
15.437
4.226
8.611
86.525
25.262
15.745
15.509
13.322
9.611
34.214
41.991
4.609
9.961
3.388
9.18
14.086
17.705
12.64
70.993
4.931
131.9
10.3
30.654
73.4
63.705
33.663
16.423
5.304
23.237
6.501
16.899
1.205
4.772
51.264
24.897
28.632
31.919
32.311
7.974
29.799
5.605
5.21
16.899
9.099
9.107
50.376
16.899
15.482
7.636
16.899
11.791
55.971
5.104
15.496
145.4
11.38
7.954
7.278
38.674
6.696
5.778
28.626
16.899
16.899
6.743
12.986
9.579
16.899
16.899
6.91
3.353
6.026
13.733
16.083
16.899
5.872
10.988
3.249
132.499
24.788
5.068
28.263
18.211
10.449
36.263
18.126
4.075
9.184
19.257
2.046
9.409
16.414
12.557
20.638
8.042
50.44
14.201
8.098
10.793
10.655
9.067
11.918
15.887
40.885
3.13
7.324
11.441
13.22
16.899
26.497
17.998
21.338
46.321
101.9
2.233
50.52
89.9
16.899
11.481
13.233
38.095
8.227
8.469
16.774
117.38
25.799
6.724
12.181
16.899
7.23
20.594
13.179
5.567
16.899
16.899
2.936
45.925
13.304
17.212
6.751
13.143
26.792
34.483
59.4
16.291
6.554
11.418
14.458
18.915
22.849
18.122
12.642
8.734
8.179
26.836
19.316
16.899
10.135
9.888
12.53
8.303
14.439
8.003
24.205
14.344
12.321
2.4
6.618
25.274
3.571
97.142
4.766
28.303
9.534
9.122
13.312
8.423
3.574
4.075
7.468
37.289
20.198
39.79
6.725
11.783
163.026
8.05
7.735
49.559
50.522
12.055
6.858
12.216
3.99
17.659
54.828
109.573
81.645
36.033
26.004
6.595
20.339
8.822
131.32
26.685
15.435
16.899
18.44
6.819
30.903
37.71
76.772
37.811
28.393
15.045
33.302
24.82
16.899
33.929
23.668
6.427
10.859
41.058
19.433
16.899
2.833
29.645
7.75
26.97
40.371
8.632
39.231
5.257
25.661
6.042
43.183
40.179
74.257
33.364
48.702
48.034
21.008
11.547
57.057
31.623
5.863
8.176
13.836
8.359
78.671
25.281
11.571
11.326
106.3
14.529
81.523
18.512
10.986
9.558
44.907
8.688
4.671
6.518
13.867
32.427
16.899
5.461
44.903
28.759
6.378
75.292
16.813
46.809
10.911
7.073
6.282
19.418
72.113
14.969
39.263
21.997
3.675
23.332
8.569
22.149
40.314
19.045
8.681
26.138
55.171
8.328
60.496
8.889
16.748
6.657
16.899
16.899
8.435
17.245
17.248
28.074
98.9
3.116
4.875
13.489
4.508
25.482
16.899
1.261
8.56
50.33
5.212
34.344
21.244
27.124
22.151
7.151
21.35
14.267
7.818
10.587
17.225
24.3
54.956
13.675
4.899
56.354
56.9
9.092
10.556
80
9.376
23.952
27.214
6.13
4.559
6.294
3.766
10.074
9.853
14.82
29.64
13.046
12.883
3.519
8.259
3.119
3.461
14.694
9.414
10.25
6.31
174.9
14.76
48.678
86.447
10.572
6.406
5.827
64.572
6.104
11.737
4.412
23.283
37.637
25.277
11.878
4.585
11.16
33.292
40.8
17.454
132.253
30.121
15.362
8.091
12.776
39.12
2.9
3.44
41.731
21.177
30.867
37.731
18.814
26.765
40.686
10.148
18.256
11.811
8.272
53.346
17.483
76.952
53.829
16.899
7.977
45.474
14.545
14.418
15.984
54.234
3.428
11.973
7.507
8.198
7.288
16.9
7.227
16.899
9.238
8.463
19.476
34.717
6.452
5.911
16.899
111.9
65.086
17.445
9.864
20.134
12.3
27.026
8.288
151.614
8.988
15.457
17.447
30.303
6.04
43.38
15.028
8.036
17.857
12.451
24.681
11.69
32.265
4.04
25.201
9.299
98.893
33.036
15.131
16.899
24.468
2.503
48.9
60.39
27.707
12.92
20.059
2.216
13.212
11.619
9.311
6.23
54.026
8.631
76.393
15.323
25.636
39.102
127.118
71.412
100.168
123.227
33.036
16.899
36.36
27.055
37.98
9.108
1.4
10.304
26.073
8.213
7.451
11.839
30.362
153.527
71.996
15.875
12.637
18.447
75.895
6.662
3.4
4.403
24.229
6.217
53.477
23.01
33.342
30.578
22.18
24.976
12.361
20.638
11.096
19.989
6.101
11.356
3.113
10.993
15.132
43.928
21.155
16.899
6.247
7.489
14.293
9.552
16.899
5.579
6.494
4.525
26.121
9.239
30.789
77.752
10.312
2.413
16.899
16.899
20.89
53.184
18.908
7.958
14.553
58.335
10.78
16.387
12.787
31.9
16.899
7.851
10.933
41.552
18.628
11.521
16.899
9.75
8.428
44.604
2.616
67.185
40.859
84.66
61.062
22.855
24.101
49.98
5.326
105.32
23.226
10.324
29.006
5.289
31.08
16.899
27.119
28.262
17.867
35.257
8.469
43.27
47.941
80.45
2.186
4.586
8.288
102.58
42.479
17.512
14.773
49.4
17.326
8.969
20.106
1.53
17.519
9.479
9.295
64.9
4.547
74.9
47.411
43.474
29.304
48.346
24.78
27.208
2.068
7.068
24.902
125.9
16.832
91.922
28.9
5.344
15.555
11.464
20.044
26.144
14.364
6.842
10.242
31.169
32.8
17.9
59.9
10.012
12.047
17.596
26.525
72.9
8.686
13.371
22.061
12.781
16.899
16.271
69.453
6.916
14.176
23.852
12.221
56.19
24.346
14.116
39.093
24.118
29.545
19.9
18.245
15.303
21.261
6.467
32.588
14.719
70.647
10.45
53.194
16.899
23.051
16.757
7.792
48.921
75.792
16.899
27.114
14.93
22.507
44.013
59.927
71.9
20.952
20.812
7.234
34.563
12.88
39.853
43.12
19.299
16.899
2.348
16.779
21.839
38.382
17.996
24.175
28.694
18.268
29.821
6.629
5.339
16.877
7.387
4.747
16.763
25.901
47.809
4.662
32.394
27.207
148.45
3.687
1.992
15.762
10.943
38.196
10.137
4.912
39.594
17.593
10.096
63.04
15.837
11.478
4.563
16.224
8.889
14.27
51.24
10.952
12.023
3.513
33.127
35.323
12.495
14.749
26.632
2.05
22.994
5.636
52.518
25.947
11.8
6.582
11.417
55.503
28.057
10.809
12.318
26.55
11.916
11.585
19.335
20.162
4.824
78.9
29.74
24.123
5.965
12.906
37.938
37.634
16.899
55.503
20.526
81.655
16.697
13.444
13.271
111.748
4.579
8.869
8.265
87.16
16.406
45.085
24.739
28.264
14.041
16.899
16.899
16.773
14.2
47.613
4.102
9.467
19.649
6.8
36.234
8.137
18.399
23.897
9.388
52.189
93.4
31.14
14.143
33.226
6.105
54.9
14.171
33.08
16.275
172
2.768
8.155
9.63
181.4
31.183
8.417
19.469
22.054
7.642
18.209
7.117
15.6
19.516
16.899
17.891
14.844
16.899
18.473
16.899
2.494
38.178
24.46
5.569
24.8
39.92
12.821
58.276
20.463
3.407
3.306
8.448
7.367
2.894
23.36
19.225
34.891
21.553
9.31
16.899
105.571
11.117
17.479
9.64
50.314
15.917
25.932
16.899
10.252
16.899
24.832
72.891
17.779
12.949
36.714
40.833
24.229
2.7
28.663
5.182
7.818
46.254
38.415
18.41
9.312
9.43
11.203
3.499
36.697
81.292
6.176
4.076
26.569
7.397
22.768
22.404
13.399
8.061
16.899
17.612
17.058
13.882
22.271
21.904
56.484
21.666
39.521
20.014
16.899
11.501
49.899
18.538
21.197
15.158
22.692
10.942
12.285
46.9
97.259
16.197
15.943
42.433
7.338
18.357
14.997
21.89
22.907
11.187
2.826
11.675
12.966
20.741
12.375
8.075
13.826
47.792
15.668
46.911
68.9
7.105
9.661
8.225
42.055
20.405
29.56
81.4
35.568
28.851
31.059
23.241
42.033
10.486
32.507
11.318
16.899
20.559
60.4
16.899
25.361
43.546
11.651
7.281
29.025
10.12
21.381
4.696
18.378
28.452
3.603
31.234
21.516
11.406
21.46
26.042
9.682
30.342
1.708
24.761
16.561
30.709
7.981
5.804
51.065
50.311
56.9
25.83
4.616
9.928
51.9
10.271
5.636
223.358
16.899
7.231
37.396
40.551
35.508
27.409
4.54
24.157
10.024
66.085
8.668
23.24
30.2
64.4
3.909
16.899
5.936
6.314
27.287
16.899
7.905
18.753
9.211
32.654
19.715
12.666
15.623
6.357
11.73
10.73
23.732
57.39
24.281
21.303
21.43
20.94
30.973
90.9
118.9
33.65
5.758
25.007
2.441
58.325
30.714
8.83
18.447
36.053
32.51
19.13
16.689
16.899
9.126
10.576
12.817
14.619
37.192
21.715
16.899
3.179
46.9
59.636
6.149
23.828
16.899
34.531
13.84
2.085
5.671
12.871
58.272
7.157
16.899
21.326
85.999
32.441
14.975
14.002
26.482
13.888
22.019
3.044
6.487
4.18
9.487
118.32
20.47
15.515
36.885
16.192
6.255
23.361
29.302
20.922
31.182
51.204
7.086
10.578
8.683
40.4
6.201
33.652
18.895
16.899
11.837
81.868
33.528
12.538
35.976
20.028
30.265
31.387
5.038
14.326
10.5
27.736
14.845
60.036
5.438
4.56
63.303
21.766
10.443
20.804
6.759
8.438
3.243
10.108
16.899
10.238
13.52
5.6
13.355
32.253
36.737
8.907
7.2
3.062
12.174
14.624
33.165
1.4
4.588
6.908
8.101
21.44
16.28
1.932
6.314
15.668
66.999
13.836
9.886
19.988
6.456
24.439
11.969
30.211
4.596
43.277
12.462
16.899
27.203
24.746
12.288
20.451
29.445
6.21
9.032
136.155
77.64
10.07
45.765
51.21
24.207
32.38
7.977
45.192
213.274
5.956
31.608
6.201
66.839
16.899
12.253
29.868
22.725
16.273
16.899
29.362
33.213
43.909
11.754
16.899
16.974
31.208
9.704
20.035
28.891
16.899
5.922
67.9
9.4
36.359
11.654
8.801
16.245
12.327
18.039
8.281
25.668
16.258
83.9
7.899
9.196
21.534
56.9
78.4
7.184
15.27
5.769
44.421
22.738
21.327
16.899
97.419
9.002
7.803
5.219
32.275
3.9
96.242
7.232
8.512
14.453
12.262
17.09
53.359
33.871
32.351
5.812
7.886
12.71
48.72
14.588
7.423
3.138
31.616
61.9
21.937
53.416
54.802
34.969
49.021
93.347
57.425
12.99
9.781
38.483
28.021
18.058
63.9
38.443
16.899
89.34
3.455
36.247
4.763
29.728
17.152
30.049
27.767
14.584
13.744
49.9
14.72
13.399
11.334
51.12
53.39
22.746
20.553
65.225
16.14
33.242
39.462
11.552
22.139
7.903
8.04
21.676
5.914
8.667
14.786
16.464
6.814
62.529
106.755
13.985
4.42
5.291
17.539
46.355
208.9
9.445
20.517
10.365
28.081
24.812
13.065
49.361
47.159
25.977
15.322
43.67
17.924
104.4
18.645
67.176
39.56
24.716
12.656
26.03
12.317
7.061
8.638
35.96
27.171
21.615
25.728
55.569
16.899
28.933
32.634
21.38
23.637
26.083
10.27
4.978
13.617
12.298
71.489
23.13
32.105
34.207
25.434
13.009
10.901
1.782
83.09
53.74
60.39
11.286
48.9
30.247
5.657
16.899
17.418
17.991
35.644
48.571
29.627
11.612
7.052
36.858
21.85
22.533
87.464
13.444
16.267
12.053
24.521
25.297
14.779
2.937
16.899
20.565
11.9
15.644
66.21
13.727
5.959
10.953
16.265
25.267
16.899
10.849
30.137
18.034
96.301
6.407
17.101
27.448
61.212
64.7
3.4
1.468
43.735
5.876
30.302
21.193
7.078
15.693
74.9
35.998
40.983
16.685
20.961
9.083
12.055
26.528
6.57
40.333
16.899
7.906
16.899
16.899
20.68
32.056
4.745
16.074
11.608
34.449
15.092
23.171
7.002
30.427
7.124
5.098
30.277
9.858
32.176
14.585
50.486
7.182
12.667
52.573
16.899
16.899
11.253
25.656
60.997
7.55
12.56
80.74
17.125
81.529
59.247
17.469
99.745
15.846
7.732
42.883
20.702
18.065
15.884
48.658
28.459
3.476
6.17
33.9
1.248
6.571
66.9
27.833
6.79
34.269
16.66
26.475
5.813
7.42
30.284
61.884
16.457
8.641
2.979
10.096
159.9
9.32
39.505
9.7
23.58
7.52
31.218
6.092
21.249
18.634
18.184
22.34
16.899
28.313
87.098
3.9
15.062
13.126
13.601
9.126
8.173
10.677
15.142
3.012
20.604
14.845
10.81
9.033
10.438
9.717
62.99
54.58
10.918
48.761
24.455
11.556
34.12
47.556
30.36
31.934
25.503
13.316
25.362
8.563
12.197
16.899
19.271
24.013
3.891
7.381
35.581
20.032
57.587
16.899
16.899
2.491
76.314
18.5
13.541
33.889
15.931
9.073
51.9
18.1
31.977
29.697
13.222
16.899
15.739
53.733
12.27
4.555
3.537
33.461
2.999
51.136
2.174
3.761
9.373
20.302
16.236
6.628
20.66
20.099
11.098
5.711
14.055
19.232
11.512
14.215
12.193
12.331
8.096
33.869
3.871
21.626
16.454
23.289
4.323
43.901
39.813
9.714
7.443
8.519
22.288
31.668
12.325
60.686
46.9
9.453
7.606
5.93
5.581
3.508
23.965
13.347
25.951
17.394
7.899
33.425
64.393
13.546
7.597
44.301
22.224
27.089
38.632
4.35
11.253
15.85
17.046
12.901
22.269
33.419
17.903
37.283
6.047
25.554
12.804
63.249
16.899
8.673
3.403
28.682
15.222
9.963
14.507
12.008
109.756
7.058
17.644
171.849
14.416
28.688
80.66
10.108
15.936
37.913
21.761
17.517
6.656
7.688
42.729
97.9
29.415
23.347
13.258
15.496
6.728
6.378
12.793
19.291
17.22
2.756
23.182
25.997
13.846
54.169
27.679
5.739
8.228
19.97
19.257
26.926
10.15
16.899
16.899
25.01
101.531
10.532
38.715
18.274
5.851
25.387
29.895
99.9
6.122
12.528
9.74
9.868
9.2
18.652
15.4
6.394
10.488
25.374
25.014
67.417
19.676
10.392
19.945
1.25
101.9
6.301
62.611
7.737
3.068
45.72
3.006
12.775
12.875
9.806
6.965
8.984
31.809
23.636
16.875
29.831
57.618
50.792
2.214
14.688
12.081
92.188
21.854
15.62
32.996
4.706
19.611
59.055
80.258
8.803
15.028
49.814
32.047
21.821
22.154
16.777
8.002
169.9
11.588
8.925
12.185
14.004
13.592
31.533
16.899
22.223
30.368
35.211
15.868
23.549
13.623
3.944
29.425
13.4
14.359
38.569
57.919
24.162
6.001
16.457
58.841
39.05
50.983
25.877
14.933
25.29
17.904
53.4
9.851
127.251
50.556
47.32
3.654
3.988
14.705
22.036
16.299
108.9
27.986
13.1
12.423
4.351
9.502
20.13
21.132
75.463
37.473
74.047
19.153
5.757
6.404
5.56
17.592
8.856
21.914
6.493
7.008
4.974
5.64
32.18
22.437
7.34
18.198
7.589
16.899
10.9
11.378
26.1
17.815
65.362
21.117
12.323
17.379
31.161
6.297
15.766
15.702
25.259
29.707
4.761
8.25
68.602
8.566
16.899
34.612
44.089
9.603
19.9
32.477
16.899
106.4
14.178
30.006
41.471
14.015
5.822
8.568
25.245
51.74
4.839
18.598
43.223
15.66
37.064
20.668
9.851
15.073
28.183
54.4
7.62
14.825
22.925
29.306
18.659
6.09
66.9
9.648
68.765
17.237
6.544
7.242
87.82
16.899
13.077
30.745
8.509
1.416
17.342
11.846
15.958
30.695
18.044
54.595
5.945
22.08
15.03
16.634
25.13
6.098
20.535
7.307
14.813
24.126
7.049
18.684
1.685
42.629
32.91
4.624
32.294
22.661
15.133
7.79
11.398
7.82
42.632
6.737
5.554
19.811
98.135
13.865
15.9
12.115
31.15
25.695
11.429
29.996
11.734
7.567
22.704
4.09
13.611
15.715
31.634
7.198
85.9
170.9
16.899
16.899
59.477
34.997
20.029
7.962
77.4
19.361
37.443
22.851
2.434
20.911
16.899
17.674
4.084
12.344
5.238
30.881
11.023
31.447
4.381
103.397
16.899
89.9
18.893
73.886
30.124
21.446
15.798
30.393
29.495
12.705
13.92
2.085
27.627
9.312
30.253
9.509
32.127
39.609
43.9
31.978
2.624
11.805
17.182
3.533
16.899
4.205
11.685
51.155
6.021
17.965
49.883
56.588
67.923
27.038
21.581
117.414
3.983
8.068
32.016
45.693
29.021
57.426
4.584
3.145
6.3
39.92
25.749
18.863
9.171
30.116
8.855
44.67
35.762
62.823
18.357
22.139
37.942
28.106
45.678
3.761
9.508
2.622
8.589
26.14
59.196
18.188
9.953
16.899
73.379
13.838
16.303
14.783
29.898
4.334
30.635
9.428
8.18
21.736
10.748
64.4
13.39
55.381
56.9
12.527
14.435
4.511
17.987
33.162
91.51
16.899
12.894
18.361
12.619
11.954
13.82
9.689
20.53
21.049
15.853
22.939
6.554
16.899
30.704
17.255
16.899
94.066
14.04
23.463
5.937
19.682
3.992
16.899
29.21
7.953
33.592
8.099
24.721
57.21
28.135
7.778
63.026
18.224
9.972
17.054
98.74
7.465
6.951
23.632
92.901
19.818
12.663
25.901
2.134
16.899
26.9
22.733
9.495
14.372
31.5
17.264
34.946
38.067
21.439
57.39
37.886
9.018
56.792
4.696
16.899
2.25
9.42
16.899
34.141
41.856
37.984
4.774
20.583
16.899
16.899
74.9
58.32
9.389
10.761
77.974
27.515
23.023
7.403
19.266
86.206
7.525
18.355
34.274
1.681
5.814
36.603
16.141
9.535
6.195
57.824
10.823
72.3
33.8
69.54
11.847
6.168
3.728
24.42
30.218
6.749
22.18
16.43
8.39
55.224
14.473
62.4
23.771
21.9
8.737
11.111
10.534
14.74
15.15
12.991
11.9
2.7
28.846
30.985
11.9
23.813
39.4
9.709
18.407
12.228
10.568
3.019
2.375
46.279
4.163
7.129
16.102
16.212
22.863
2.112
16.187
7.684
27.689
5.249
16.213
5.774
24.577
22.1
26.399
9.4
19.302
15.142
14.052
23.124
15.4
11.595
10.107
5.308
2.1
4.571
16.821
21.634
13.258
3.103
14.802
14.326
21.04
3.534
110.199
1.5
33.45
35.804
16.9
18.988
27.4
21.998
19.455
16.899
93.51
18.471
28.635
34.52
14.09
16.899
3.136
20.151
12.506
12.138
15.216
34.32
9.782
14.221
5.188
57.9
16.019
1.434
22.2
13.499
39.9
42.094
17.4
23.52
10.865
25.9
10.442
20.485
12.815
6.4
25.9
34.916
20.205
22.498
20.651
80.9
4.349
13.067
1.515
16.899
24.024
6.465
16.693
37.733
29.784
10.878
4.223
24.789
47.723
36.427
23.845
10.67
16.9
40.9
5.243
17.833
17.944
28.373
25.28
26.54
13.533
7.804
6.002
27.14
19.044
6.145
15.388
9.4
6.416
16.899
33.415
2.07
20.374
56.402
21.004
2.848
7.074
44.352
5.447
7.342
35.9
16.598
25.955
20.086
33.9
30.903
18.27
3.936
7.202
2.981
5.145
39.95
13.616
16.899
9.984
14.344
19.02
37.4
5.516
3.397
9.786
3.597
13.139
5.707
7.985
9.805
16.899
9.182
2.703
20.605
5.527
10.702
25.9
8.527
32.045
7.9
9.319
15.597
1.4
16.899
21.9
17.9
18.794
5.9
43.26
32.956
21.527
39.427
44.9
42.498
24.124
13.191
64.9
17.697
26.94
13.877
24.184
32.832
16.899
25.74
11.785
50.451
100.515
38.891
83.754
12.832
20.845
8.9
15.4
19.716
21.155
14.437
36.98
12.163
16.899
10.999
15.721
20.583
33.14
18.188
28.82
16.082
26.614
31.306
21.209
15.615
36.779
16.899
57.426
15.723
10.764
20.4
3.9
30.02
2.507
14.9
14.816
31.632
16.899
20.898
11.639
12.919
29.212
15.104
109.9
20.908
9.627
3.11
3.174
8.569
5.758
22.9
26.4
39.117
19.049
36.507
14.679
33.9
16.899
37.4
5.799
12.772
11.586
10.888
10.885
8.997
13.616
19.4
6.853
16.899
16.212
8.9
13.645
15.072
14.91
18.913
7.837
5.106
19.717
18.9
7.669
5.764
24.107
7.99
9.356
17.779
55.133
8.501
11.072
21.935
7.818
7.704
55.664
27.785
23.535
12.9
14.019
7.203
18.337
16.899
16.681
11.495
47.9
21.469
7.899
30.972
11.184
31
20.027
36.4
20.04
19.027
16.452
15.805
4.901
5.665
22.1
61.192
30.05
22.02
49.4
4.939
28.56
4.424
3.618
42.4
8.282
20.9
32.4
24.9
47.24
6.828
15.655
27.9
23.45
16.899
23.9
7.998
12.655
37.9
30.059
20.903
14.793
52.4
16.299
87.27
47.732
39.887
5.236
29.9
12.506
49.999
41
16.899
16.655
16.68
1.275
9.407
28.371
18.001
11.945
17.428
26.3
46.689
16.141
24.9
20.725
7.633
19.605
7.01
108.9
32.135
17.65
25.914
18.9
45.359
16.088
10.504
12.125
7.459
34.9
22.294
70.9
25.4
7.321
16.899
20.678
6.644
9.338
13.954
16.9
7.799
5.91
55.25
1.728
24.204
12.312
21.9
11.01
8.922
16.899
67.9
17.72
66.32
26.003
37.942
11.269
33.911
17.661
8.4
11.4
21.9
34.592
20.41
34.9
17.341
2.055
7.539
31.747
11.568
14.161
18.9
30.092
16.899
3.199
42.9
21.9
31.356
43.695
18.02
10.631
32.4
6.677
20.872
11.589
8.186
16.899
19.145
14.463
10.137
16.899
19.4
15.9
41.592
24.061
29.718
82.384
5.441
15.669
24.31
40.719
41.55
14.984
10.379
24.42
14.536
25.02
13.886
23.653
16.9
19.402
11.9
33.218
39.908
26.435
16.899
9.16
12.607
2.7
26.205
20.036
1.65
20.975
4.135
22.84
1.918
97.109
12.9
11.5
9.52
16.899
5.953
12.589
21.75
11
17.9
13.977
22.875
11.702
30.899
18.208
58.9
11.264
16.899
5.47
11.882
13.685
13.714
26.472
4.578
22.88
15.671
1.282
7.179
16.889
8.4
8.605
16.4
17.2
16.899
17.651
16.899
11.245
16.899
8.069
45.4
4.445
18.868
24.378
8.132
14.597
13.57
21.943
12.838
12.92
5.153
31.4
6.134
45.4
24.202
16.899
21.29
31.9
13.474
17.9
8.039
7.896
37.767
43.746
51.65
12.52
62.1
2.093
16.899
28.894
9.343
16.899
6.673
45.197
24.563
21.9
18.9
44.182
22.4
17.831
71.54
38.214
70.921
16.18
13.72
24.377
24.3
17.213
10.918
23.814
7.042
36.9
6.154
52.9
10.474
3.005
16.899
16.899
14.091
16.899
4.548
60.9
29.985
5.104
17.377
14.813
8.219
37.899
6.713
31.82
8.9
28.075
12.566
13.9
9.758
16.899
12.454
40.55
25.134
4.635
10.155
19.304
11.236
8.204
16.212
7.889
19.899
4.605
29.09
9.166
20.9
8.047
25.3
27.535
25.927
5.401
11.635
5.145
13.02
26.824
16.899
7.815
14.717
34.699
54.9
34.135
62
167.775
7.172
29.037
2.809
59.635
6.284
7.257
42.655
21.114
4.13
38.71
114.9
15.087
6.832
8.962
36.725
44.714
18.52
13.299
21.78
16.899
36.155
8.814
9.01
30.766
29.595
27.241
28.386
53.165
8.4
11.26
25.9
29.656
11.9
10.187
19.202
10.018
4.393
8.184
14.343
16.899
17.115
11.865
40.11
28.94
11.138
37.62
48.4
19.619
20.521
35.344
8.805
4.738
40.046
28.837
16.899
16.302
27.649
10.402
54.873
34.924
6.92
29.331
33.099
18.519
29.798
44.42
24.06
9.652
7.92
28.449
12.294
39.38
11.023
44.549
4.211
12.646
24.9
12.81
71.745
41.04
25.183
13.45
35.229
55.155
30.9
8.233
57.8
39.066
22.037
24.281
11.49
10.683
37.612
6.513
11.829
8.978
23.457
22.097
16.274
19.9
25.155
5.413
12.6
16.088
20.903
17.207
13.9
15.471
62.77
3.052
24.064
32.1
17.14
2.136
23.369
17.793
21.871
23.229
35.503
32.509
63.4
16.097
23.467
25.575
31.4
29.081
6.371
24.822
18.945
15.452
31.94
9.001
1.384
30.569
23.696
16.899
29.431
13.013
62.395
25.494
48.68
18.642
8.273
11.339
27.065
19.4
17.661
18.359
24.898
34.84
30.4
6.429
29.462
59.125
7.22
5.635
30.446
21.571
16.013
26.779
6.736
35.088
20.665
27.4
34.576
29.004
39.638
49.412
19.899
7.357
22.9
10.438
11.874
13.863
7.548
31.806
14.628
4.808
22.899
17.9
20.038
6.447
27.328
19.564
20.4
16.923
27.4
8.803
21.65
9.7
8.812
14.648
15.52
4.836
43.9
13.9
4.752
6.499
22.999
5.602
55.89
14.687
14.317
48.842
39.599
16.899
45.303
8.012
10.397
16.899
24.4
18.541
31.075
3.242
9.394
8.856
34.9
9.471
19.383
16.99
30.117
50.9
17.326
36.9
23.467
22.4
17.9
10.362
16.899
60.9
33.796
11.027
13.093
22.9
8.108
8.564
9.191
5.548
21.917
7.831
14.396
34.234
5.008
5.422
52.9
29.554
16.256
16.899
28.4
65.374
1.887
1.935
4.685
4.772
11.983
18.863
13.839
23.347
33.5
11.104
32.304
3.383
9.176
24.584
4.134
10.569
18.13
23.9
6.967
35.759
23.698
7.389
35.2
20.709
59.999
15.9
30.19
8.289
13.237
33.999
7.468
7.032
56.67
36.573
9.381
6.799
19.4
24.39
4.9
11.752
8.929
10.536
4.777
12.316
3.043
4.373
35.606
15.494
11.643
12.818
7.348
27.837
2.467
31.9
14.195
23.586
6.86
32.939
16.899
6.425
29.14
36.616
16.899
26.922
13.9
6.009
18.898
3.49
9.254
21.96
16.487
3.9
3.002
11.863
24.45
1.216
2.535
7.309
4.83
13.112
16.899
9.171
10.575
4.575
2.9
15.102
6.727
57.861
43.787
3.436
17.822
8.648
12.876
39.901
9.65
12.4
37.161
45.265
6.052
52.712
6.037
31.499
10.705
22.205
68.4
16.533
75.629
6.874
13.827
11.712
19.654
22.417
21.311
7.093
16.899
60.999
23.526
5.403
37.281
8.281
22.9
17.9
5.014
12.564
34
5.889
11.174
16.899
86.9
13.9
16.899
6.111
9.845
12.69
5.861
15.877
39.15
5.341
12.017
13.9
12.074
27.4
54.9
6.497
10.495
23.399
14.488
5.545
10.247
17.984
23.999
17.9
36.205
37.814
25.158
19.9
19.209
4.14
44.759
14.432
26.086
8.314
42.1
13.644
10.131
31.68
36.9
5.625
11.571
4.412
33
7.839
33.1
30.4
3.115
7.177
2.304
25.354
27.993
49.811
12.274
4.068
7.207
17.991
22.04
13.102
36.4
12.978
34.502
9.78
19.318
11.672
22.49
1.615
7.906
12.804
40.04
5.8
23.155
23.404
21.459
11.767
7.538
20.432
7.073
11.323
46.9
19.099
39.33
10.818
26.187
9.77
18.9
24.5
7.26
11.925
24.905
24.038
17.9
10.997
16.9
15.39
8.136
16.565
18.576
11.945
39.64
18.674
36.94
16.711
9.599
22.65
32.23
31.388
5.947
5.954
13.854
7.958
26.199
16.435
18.874
24.32
19.955
25.82
10.784
53.781
16.899
11.248
22.12
20.325
40.159
8.964
10.452
60.9
10.892
13.708
8.977
13.707
39.999
14.504
4.48
19.852
16.899
20.04
7.924
36.735
16.899
13.768
8.053
20.058
30.56
14.4
7.972
9.391
11.26
8.107
11.964
22.665
12.998
10.541
19.918
15.009
26.863
17.025
8.945
30.556
9.577
13.31
14.204
14.809
12.734
3.009
24.998
24.843
145.24
13.207
25.858
6.328
11.43
7.407
13.454
42.628
16.899
9.133
6.641
12.198
15.173
40.696
42.291
5.2
4.813
9.599
2.047
16.899
5.577
14.148
15.676
14.811
40.589
23.839
35.02
62.199
2.9
35.974
62.263
21.42
22.52
21.193
17.851
64.972
101.32
20.953
16.899
48.655
6.354
58.066
10.506
14.464
19.726
12.673
11.223
27.06
16.899
12.685
35.944
7.361
17.082
28.02
8.005
26.011
16.526
2.888
5.527
18.589
15.782
9.849
14.54
7.49
16.899
10.033
56.91
35.688
11.359
18.424
5.296
8.19
16.899
11.454
9.868
24.312
8.15
18.97
12.937
14.711
5.509
15.467
11.542
16.972
48.52
5.395
15.045
10.078
39.9
13.54
21.039
22.9
13.04
21.637
19.329
13.533
12.182
59.28
6.555
8.04
18.193
42.838
17.857
53.264
5.189
45.42
42.54
5.645
22.318
8.182
31.5
10.565
8.221
24.011
31.332
7.785
14.056
8.636
16.899
15.542
8.561
16.899
13.958
14.865
35.603
34.652
23.04
12.725
12.715
16.899
34.4
21.482
8.133
5.4
46.25
37.985
58.54
2.207
16.753
31.5
46.878
27.115
20.334
22.904
16.899
26.819
16.899
16.899
28.096
25.569
15.123
23.02
7.247
13.402
9.132
33.841
24.565
8.9
5.186
30.956
23.235
62.05
19.9
18.521
7.104
4.088
35.9
24.406
46.75
11.176
15.213
20.9
16.899
33.13
18.554
39.71
11.641
4.913
21.101
73.9
39.387
29.795
14.559
6.9
31.508
23.9
4.517
4.46
45.379
67.86
20.183
9.9
28.341
29.864
15.598
3.485
7.818
18.852
33.54
21.85
22.183
12.258
2.388
29.3
9.96
28.9
1.9
7.384
55.5
16.899
51.177
36.244
68.848
28.5
13.531
2.005
30.02
5.675
24.74
19.9
2.794
4.209
6.15
4.9
13.292
10.04
1.88
10.427
118.645
10.4
25.105
16.9
6.047
10.4
17.264
7.28
12.9
16.101
8.826
5.4
14.4
4.146
44.642
3.4
24.69
2.221
16.812
5.868
42.54
16.9
48.343
35.1
36.274
1.343
14.199
7.682
5.583
7.778
17.4
8.637
98.217
26.9
47.4
38.9
4.37
11.9
10.081
7.15
16.899
6.099
7.3
24.9
16.413
5.112
16.752
27.235
3.721
7.4
31.835
9.4
15.9
9.262
7.298
9.4
14.331
6.682
14.382
21.83
20.575
18.651
27.237
12.4
20.3
16.083
9.032
12.9
11.9
6.346
10.405
52.24
7.9
6.9
7.326
6.9
6.833
16.84
10.362
11.9
9.243
9.215
8.395
19.02
22.4